-1 -1 -1 -1 245 246 246 246 246 246 247 -1 -1 -1 -1 -1 -1 -1 -1 -1 -1 -1 -1 -1 -1 -1 294 270 270 270 270 270 270 270 270 270 270 270 270 270 298 -1 -1 -1 -1 -1 -1 -1 -1 -1 -1 -1 -1 -1 -1 -1 -1 -1 -1 -1 -1 -1 -1 -1 -1 -1 -1 -1 -1 245 246 246 246 246 246 247 -1 -1 -1 -1 -1 -1 -1 -1 -1 -1 -1 -1 -1 -1 -1 -1 -1 -1 -1 -1 -1 -1 -1 -1 -1 -1 -1 -1 -1 -1 -1 -1 -1 -1 -1 -1 -1 -1 -1 294 270 270 270 270 270 270 270 270 270 270 270 270 298 -1 -1 -1 -1 -1 -1 -1 -1 -1 -1 -1 -1 -1 -1 -1 -1 -1 -1 -1 -1 -1 -1 -1 -1 -1 -1 -1 -1 -1 -1 -1 -1 -1 -1 -1 -1 -1 -1 -1 -1 -1 -1 -1 -1 -1 -1 -1 -1 -1 -1 -1 -1 -1 -1 -1 -1 -1 -1 -1 -1 -1 -1 -1 -1 -1 -1 -1 -1 -1 -1 -1
-1 -1 -1 269 270 270 270 270 270 270 272 273 -1 -1 -1 -1 -1 -1 -1 -1 -1 -1 -1 -1 -1 -1 294 270 270 270 270 270 270 270 270 270 270 270 270 270 298 -1 -1 -1 -1 -1 -1 -1 -1 -1 -1 -1 -1 -1 -1 -1 -1 -1 -1 -1 -1 -1 -1 -1 -1 -1 -1 -1 269 270 270 270 270 270 270 272 273 -1 -1 -1 -1 -1 -1 -1 -1 -1 -1 -1 -1 -1 -1 -1 -1 -1 -1 -1 -1 -1 -1 -1 -1 -1 -1 -1 -1 -1 -1 -1 -1 -1 -1 -1 -1 -1 -1 319 320 270 270 270 270 270 270 270 270 270 270 322 323 -1 -1 -1 -1 -1 -1 -1 -1 -1 -1 -1 -1 -1 -1 -1 -1 -1 -1 -1 -1 -1 -1 -1 -1 -1 -1 -1 -1 -1 -1 -1 -1 -1 -1 -1 -1 -1 -1 -1 -1 -1 -1 -1 -1 -1 -1 -1 -1 -1 -1 -1 -1 -1 -1 -1 -1 -1 -1 -1 -1 -1 -1 -1 -1 -1 -1 -1 -1 -1 -1 -1
-1 -1 -1 294 270 270 270 270 270 270 270 298 -1 -1 -1 -1 -1 -1 -1 -1 -1 -1 -1 -1 -1 -1 319 320 270 270 270 270 270 270 270 270 270 270 270 322 323 -1 -1 245 246 246 246 246 246 247 -1 -1 -1 -1 -1 -1 -1 -1 -1 -1 -1 -1 -1 -1 -1 -1 -1 -1 294 270 270 270 270 270 270 270 298 -1 -1 -1 -1 -1 -1 -1 -1 -1 -1 -1 -1 -1 -1 -1 -1 -1 -1 -1 -1 -1 -1 -1 -1 -1 -1 -1 -1 -1 -1 -1 -1 -1 -1 -1 -1 -1 -1 -1 319 320 117 144 144 319 320 117 144 144 322 323 -1 -1 -1 -1 -1 -1 -1 -1 -1 -1 -1 -1 -1 -1 -1 -1 -1 -1 -1 -1 -1 -1 -1 -1 -1 -1 -1 -1 -1 -1 -1 -1 -1 -1 -1 -1 -1 -1 -1 -1 -1 -1 -1 -1 -1 -1 -1 -1 -1 -1 -1 -1 -1 -1 -1 -1 -1 -1 -1 -1 -1 -1 -1 -1 -1 -1 -1 -1 -1 -1 -1 -1
-1 -1 -1 294 270 270 270 270 270 270 270 298 -1 -1 -1 -1 -1 -1 -1 -1 -1 -1 -1 -1 -1 -1 -1 319 320 117 144 144 347 319 270 117 144 144 322 323 -1 -1 269 270 270 270 270 270 270 272 273 -1 -1 -1 -1 -1 -1 -1 -1 -1 -1 -1 -1 -1 -1 -1 -1 -1 294 270 270 270 270 270 270 270 298 -1 -1 -1 -1 -1 -1 -1 -1 -1 -1 -1 -1 -1 -1 -1 -1 -1 -1 -1 -1 -1 -1 -1 -1 -1 -1 -1 -1 -1 -1 -1 -1 -1 -1 -1 -1 -1 -1 -1 -1 -1 92 93 94 -1 -1 92 93 94 -1 -1 -1 -1 -1 -1 -1 -1 -1 -1 -1 -1 -1 -1 -1 -1 -1 -1 -1 -1 -1 -1 -1 -1 -1 -1 -1 -1 -1 -1 -1 -1 -1 -1 -1 -1 -1 -1 -1 -1 -1 -1 -1 -1 -1 -1 -1 -1 -1 -1 -1 -1 -1 -1 -1 -1 -1 -1 -1 -1 -1 -1 -1 -1 -1 -1 -1 -1 -1 -1 -1 -1 -1 -1
-1 -1 -1 319 320 270 270 270 270 270 322 323 -1 -1 -1 -1 -1 -1 -1 -1 -1 -1 -1 -1 -1 -1 -1 -1 -1 92 93 94 -1 -1 -1 92 93 94 -1 -1 -1 -1 294 270 270 270 270 270 270 270 298 -1 -1 -1 -1 -1 -1 -1 -1 -1 -1 -1 -1 -1 -1 -1 -1 -1 319 320 270 270 270 270 270 322 323 -1 -1 -1 -1 -1 -1 -1 -1 -1 -1 -1 -1 -1 -1 -1 -1 -1 -1 -1 -1 -1 -1 -1 -1 -1 -1 -1 -1 -1 -1 -1 -1 -1 -1 -1 -1 -1 -1 -1 -1 -1 92 93 94 -1 -1 92 93 94 -1 -1 -1 -1 -1 -1 -1 -1 -1 -1 -1 -1 -1 -1 -1 -1 -1 -1 -1 -1 -1 -1 -1 -1 -1 -1 -1 -1 -1 -1 -1 -1 -1 -1 -1 -1 -1 -1 -1 -1 -1 -1 -1 -1 -1 -1 -1 -1 -1 -1 -1 -1 -1 -1 -1 -1 -1 -1 -1 -1 -1 -1 -1 -1 -1 -1 -1 -1 -1 -1 -1 -1 -1 -1
-1 -1 -1 -1 319 320 117 144 144 322 323 -1 -1 -1 -1 -1 -1 -1 -1 -1 -1 -1 -1 -1 -1 -1 -1 -1 -1 92 93 94 -1 -1 -1 92 93 94 -1 -1 -1 -1 294 270 270 270 270 270 270 270 298 -1 -1 -1 -1 -1 -1 -1 -1 -1 -1 -1 -1 -1 -1 -1 -1 -1 -1 319 320 117 144 144 322 323 -1 -1 -1 -1 -1 -1 -1 -1 -1 -1 -1 -1 -1 -1 -1 -1 -1 -1 -1 -1 -1 -1 -1 -1 -1 -1 415 416 417 -1 -1 -1 415 416 417 -1 -1 -1 -1 -1 -1 -1 92 93 94 -1 -1 92 93 94 -1 -1 -1 -1 26 3 3 3 3 3 3 3 3 30 -1 -1 -1 -1 -1 -1 -1 -1 -1 -1 -1 -1 -1 -1 -1 -1 -1 3 3 3 3 3 3 3 3 -1 -1 -1 -1 -1 -1 3 3 3 3 3 3 3 3 -1 -1 -1 -1 -1 -1 -1 -1 -1 -1 -1 -1 -1 -1 -1 -1 -1 -1 -1 -1 -1
-1 -1 -1 -1 -1 -1 92 93 94 -1 -1 -1 -1 -1 -1 -1 -1 -1 -1 -1 -1 -1 -1 -1 -1 -1 -1 -1 -1 92 93 94 -1 -1 -1 92 93 94 -1 -1 -1 -1 319 320 270 270 270 270 270 322 323 -1 -1 -1 -1 -1 -1 -1 -1 -1 -1 -1 -1 -1 -1 -1 -1 -1 -1 -1 -1 92 93 94 -1 -1 -1 -1 -1 -1 -1 -1 -1 -1 -1 -1 -1 -1 -1 -1 -1 -1 -1 -1 -1 -1 415 416 417 -1 -1 -1 -1 418 -1 -1 -1 -1 -1 418 -1 -1 -1 -1 -1 -1 -1 -1 92 93 94 -1 -1 92 93 94 -1 -1 -1 -1 51 53 53 53 53 53 53 53 53 55 -1 -1 -1 -1 -1 -1 -1 -1 -1 -1 -1 -1 -1 -1 -1 -1 -1 -1 -1 -1 -1 -1 -1 -1 -1 -1 -1 -1 -1 -1 -1 -1 -1 -1 -1 -1 -1 -1 -1 -1 -1 -1 -1 -1 -1 -1 -1 -1 -1 -1 -1 -1 -1 -1 -1 -1 -1 -1 -1 -1
-1 -1 -1 -1 -1 -1 92 93 94 -1 -1 -1 -1 -1 -1 -1 -1 -1 -1 -1 -1 -1 -1 -1 -1 -1 -1 -1 -1 92 93 94 -1 -1 -1 92 93 94 -1 -1 -1 -1 -1 319 320 117 144 144 322 323 -1 -1 -1 -1 -1 -1 -1 -1 -1 -1 -1 -1 -1 -1 -1 -1 -1 -1 -1 -1 -1 92 93 94 -1 -1 -1 -1 -1 -1 -1 -1 -1 -1 -1 -1 -1 -1 -1 -1 -1 -1 -1 -1 -1 -1 -1 418 -1 -1 -1 -1 -1 418 -1 -1 -1 -1 -1 418 -1 -1 -1 -1 -1 -1 -1 -1 92 93 94 -1 -1 92 93 94 -1 -1 -1 -1 51 53 53 53 53 53 53 53 53 55 -1 -1 -1 -1 -1 -1 -1 -1 -1 -1 -1 -1 -1 -1 -1 -1 -1 -1 -1 -1 -1 -1 -1 -1 -1 -1 -1 -1 -1 -1 -1 -1 -1 -1 -1 -1 -1 -1 -1 -1 -1 -1 -1 -1 -1 -1 -1 -1 -1 -1 -1 -1 -1 -1 -1 -1 -1 -1 -1 -1
-1 -1 -1 -1 -1 -1 92 93 94 -1 -1 -1 -1 -1 -1 -1 -1 -1 -1 -1 -1 -1 -1 -1 -1 -1 -1 -1 -1 92 93 94 -1 -1 -1 92 93 94 -1 -1 -1 -1 -1 -1 -1 92 93 94 -1 -1 -1 -1 -1 -1 -1 -1 -1 -1 -1 -1 -1 -1 -1 -1 -1 -1 -1 -1 -1 -1 -1 92 93 94 -1 -1 -1 -1 -1 -1 -1 -1 -1 -1 -1 -1 -1 -1 -1 -1 -1 415 416 417 -1 -1 -1 418 -1 -1 -1 -1 -1 418 -1 -1 -1 -1 -1 418 -1 -1 -1 -1 26 3 3 3 3 3 3 3 3 3 3 3 3 3 3 3 27 253 253 253 253 253 253 253 253 80 -1 -1 -1 -1 -1 -1 -1 -1 -1 -1 -1 -1 -1 -1 -1 -1 -1 -1 -1 -1 -1 -1 -1 -1 -1 -1 -1 -1 -1 -1 -1 -1 -1 -1 -1 -1 -1 -1 -1 -1 -1 -1 -1 -1 -1 -1 -1 -1 -1 -1 -1 -1 -1 -1 -1 -1 -1 -1 -1 -1
-1 -1 -1 -1 -1 -1 92 93 94 -1 -1 -1 -1 -1 -1 -1 -1 -1 -1 -1 -1 -1 -1 -1 -1 -1 -1 -1 26 3 3 3 3 3 3 3 3 3 30 -1 -1 -1 -1 -1 -1 92 93 94 -1 -1 -1 -1 -1 -1 -1 -1 -1 -1 -1 -1 -1 -1 -1 -1 -1 -1 -1 -1 -1 -1 -1 92 93 94 -1 -1 -1 -1 -1 -1 -1 -1 -1 -1 -1 -1 -1 -1 -1 -1 -1 -1 418 -1 -1 -1 -1 418 -1 -1 -1 -1 -1 418 -1 -1 -1 -1 -1 418 -1 -1 -1 -1 51 53 53 53 53 53 53 53 53 53 53 53 53 53 53 53 53 -1 -1 -1 -1 -1 -1 -1 -1 -1 -1 -1 -1 -1 -1 -1 -1 -1 -1 -1 3 3 3 3 3 3 3 3 -1 -1 -1 -1 -1 -1 3 3 3 3 3 3 3 3 -1 -1 -1 -1 -1 -1 -1 -1 -1 -1 -1 -1 -1 -1 -1 -1 -1 -1 -1 -1 -1 -1 -1 -1 -1 -1 -1 -1
-1 -1 -1 -1 -1 -1 92 93 94 -1 -1 26 3 3 30 -1 -1 -1 -1 -1 -1 -1 -1 -1 -1 -1 -1 -1 51 53 53 53 53 53 53 53 53 53 55 -1 -1 -1 -1 -1 -1 92 93 94 -1 -1 -1 -1 -1 -1 -1 -1 -1 -1 -1 -1 -1 -1 -1 -1 -1 -1 -1 -1 -1 -1 -1 92 93 94 -1 -1 -1 -1 -1 -1 -1 -1 -1 -1 -1 -1 415 416 417 -1 -1 -1 418 -1 -1 -1 -1 418 -1 -1 -1 -1 -1 418 -1 -1 -1 -1 -1 418 -1 -1 -1 -1 51 53 53 53 53 53 53 53 53 53 53 53 53 53 53 53 53 -1 -1 -1 -1 -1 -1 -1 -1 -1 -1 -1 -1 -1 -1 -1 -1 -1 -1 -1 -1 -1 -1 -1 -1 -1 -1 -1 -1 -1 -1 -1 -1 -1 -1 -1 -1 -1 -1 -1 -1 -1 -1 -1 -1 -1 -1 -1 -1 -1 -1 -1 -1 -1 -1 -1 -1 -1 -1 -1 -1 -1 -1 -1 -1 -1 -1 -1 -1 -1
-1 -1 -1 -1 -1 -1 26 3 3 3 3 27 53 53 29 3 3 3 30 -1 -1 -1 -1 26 3 3 3 3 27 53 53 53 53 53 53 53 53 53 55 -1 -1 -1 -1 -1 -1 92 93 94 -1 -1 -1 -1 -1 -1 -1 -1 -1 -1 -1 -1 -1 -1 -1 -1 -1 -1 -1 -1 -1 -1 -1 26 3 3 3 3 3 3 3 3 3 3 30 -1 -1 -1 -1 418 -1 -1 -1 -1 418 -1 -1 -1 -1 418 -1 -1 -1 -1 -1 418 -1 -1 -1 -1 -1 418 -1 -1 -1 -1 51 53 53 53 53 53 53 53 53 53 53 53 53 53 53 53 53 -1 -1 -1 -1 -1 -1 -1 -1 -1 -1 -1 -1 -1 -1 -1 -1 -1 -1 -1 -1 -1 -1 -1 -1 -1 -1 -1 -1 -1 -1 -1 -1 -1 -1 -1 -1 -1 -1 -1 -1 -1 -1 -1 -1 -1 -1 -1 -1 -1 -1 -1 -1 -1 -1 -1 -1 -1 -1 -1 -1 -1 -1 -1 -1 -1 -1 -1 -1 -1
3 3 3 3 3 3 27 53 53 53 53 53 53 53 53 53 53 53 55 -1 -1 -1 -1 51 53 53 53 53 53 53 53 53 53 53 53 53 53 53 55 -1 -1 -1 -1 -1 -1 92 93 94 -1 -1 -1 -1 -1 389 390 390 390 390 390 390 392 -1 -1 -1 -1 -1 -1 -1 -1 26 3 27 53 53 53 53 53 53 53 53 53 53 55 -1 -1 -1 -1 418 -1 -1 -1 -1 418 -1 -1 -1 -1 418 -1 -1 -1 -1 -1 418 -1 -1 -1 -1 -1 418 -1 -1 -1 -1 51 53 53 53 53 53 53 53 53 53 53 53 53 53 53 53 53 -1 -1 -1 -1 -1 -1 -1 -1 -1 -1 -1 -1 -1 -1 -1 -1 -1 -1 -1 -1 -1 -1 -1 -1 -1 -1 -1 -1 -1 -1 -1 -1 -1 -1 -1 -1 -1 -1 -1 -1 -1 -1 -1 -1 -1 -1 -1 -1 -1 -1 -1 -1 -1 -1 -1 -1 -1 -1 -1 -1 -1 -1 -1 -1 -1 -1 -1 -1 -1
53 53 53 53 53 53 53 53 53 53 53 53 53 53 53 53 53 53 55 -1 -1 -1 -1 51 53 53 53 53 53 53 53 53 53 53 53 53 53 53 29 3 3 3 3 3 3 3 3 3 3 3 30 -1 -1 415 416 369 369 369 369 416 417 -1 -1 26 3 3 3 3 3 27 53 53 53 53 53 53 53 53 53 53 53 53 55 -1 -1 -1 -1 418 -1 -1 -1 -1 418 -1 -1 -1 -1 418 -1 -1 -1 -1 -1 418 -1 -1 -1 -1 -1 418 -1 -1 -1 -1 51 53 53 53 53 53 53 53 53 53 53 53 53 53 53 53 53 3 3 3 3 3 3 3 3 3 3 3 3 3 3 3 3 3 3 3 3 3 3 3 3 3 3 3 3 3 3 3 3 3 3 3 3 3 3 3 3 3 3 3 3 3 3 3 3 3 3 3 3 3 3 3 3 3 3 3 3 3 3 3 3 3 3 3 3 3
253 253 253 253 253 253 253 253 253 253 253 253 253 253 253 253 253 253 55 444 444 444 444 51 253 253 253 253 253 253 253 253 253 253 253 253 253 253 253 253 253 253 253 253 253 253 253 253 253 253 55 444 444 444 3 444 444 444 444 3 444 444 444 51 253 253 253 253 253 253 253 253 253 253 253 253 253 253 253 253 253 253 55 444 444 444 444 3 444 444 444 444 3 444 444 444 444 3 444 444 444 444 444 3 444 444 444 444 444 3 444 444 444 444 51 253 253 253 253 253 253 253 253 253 253 253 253 253 253 253 253 253 253 253 253 253 253 253 253 253 253 253 253 253 253 253 253 253 253 253 253 253 253 253 253 253 253 253 253 253 253 253 253 253 253 253 253 253 253 253 253 253 253 253 253 253 253 253 253 253 253 253 253 253 253 253 253 253 253 253 253 253 253 253 253 253 253 253 253 253
